2 0.2942929109 0.5599749247 0.0235150973 0.1034324929
10 0.3730554581 0.5448902271 0.0182855606 0.1017897994
5 0.2201637348 0.5407270078 0.0260143121 0.0965720848
9 0.4343718370 0.5079217416 0.0142197609 0.0889872233
11 0.2510527611 0.5391737761 0.0217914263 0.0824373598
12 0.2534036160 0.5074250539 0.0205144882 0.0900805155
4 0.3009764353 0.4868220153 0.0179864883 0.0772759049
8 0.1888967117 0.5826238562 0.0308660984 0.1223456489
6 0.3266792615 0.6719322205 0.0400599798 0.1244605735
7 0.2477283239 0.4656895673 0.0185402711 0.0799132736
3 0.2391972542 0.5047252372 0.0221214294 0.0910253737
1 0.2204300483 0.5314812272 0.0267342091 0.0882043344
