6 0.3376882871 0.6728580334 0.0379634221 0.1211332533
7 0.2531770150 0.4663362432 0.0145251433 0.0726199397
5 0.2162640254 0.5465612058 0.0262485822 0.0986725419
2 0.2854799112 0.5610235426 0.0206215858 0.0999720256
9 0.4442725182 0.5069012960 0.0195611318 0.0803352073
10 0.3769605637 0.5442051075 0.0181364059 0.0971653691
4 0.3039691766 0.4813780608 0.0179269473 0.0782433404
11 0.2673209667 0.5434952913 0.0184521039 0.0862236871
12 0.2608736674 0.5117185805 0.0168758392 0.0705299660
3 0.2342865070 0.5003041020 0.0259326776 0.0869517008
8 0.2044882854 0.5857654713 0.0245654583 0.1084135833
1 0.2008583625 0.5285285667 0.0164767424 0.0674129910
