6 0.2926796875 0.6645231481481481 0.04542708333333333 0.11196759259259259
7 0.18533072916666665 0.4548611111111111 0.0147578125 0.06609722222222222
9 0.4377890625 0.4898472222222222 0.028356770833333333 0.09286574074074075
10 0.32797916666666665 0.5340972222222222 0.02575260416666667 0.10111111111111111
1 0.12442187499999999 0.5433564814814815 0.019677083333333335 0.09493981481481481
5 0.1397578125 0.5397546296296296 0.015625 0.08773611111111111
8 0.15480208333333334 0.5621342592592593 0.028356770833333333 0.09855092592592593
3 0.15075260416666666 0.4919027777777778 0.01678125 0.07845833333333334
12 0.20529427083333335 0.503736111111111 0.019966145833333334 0.08360648148148149
11 0.2229453125 0.5328101851851851 0.020544270833333333 0.09545370370370371
2 0.19936458333333332 0.5605925925925926 0.020255208333333333 0.09546296296296296
4 0.24464583333333334 0.46514814814814814 0.018807291666666667 0.08050462962962962