6 0.2865561803 0.6591159397 0.0397690455 0.1211874503
10 0.3276095390 0.5330520347 0.0238838832 0.0984996089
9 0.4249211947 0.4922260991 0.0196238836 0.0942704942
7 0.1886696736 0.4553831736 0.0160836061 0.0670551724
4 0.2410995881 0.4669805174 0.0143353939 0.0754497952
2 0.2119215488 0.5502408346 0.0224795659 0.0955951267
11 0.2149352709 0.5109416255 0.0185720126 0.0504677101
12 0.1998915275 0.5021097254 0.0165980180 0.0721575702
3 0.1646589120 0.4946234103 0.0200043360 0.0809862207
8 0.1520202160 0.5692343535 0.0191679955 0.0970094469
5 0.1374712785 0.5407434817 0.0144093513 0.0973402800
1 0.1471991936 0.5148294237 0.0111502806 0.0485907095
