6 0.3521122615 0.6717369362 0.0373832703 0.1111068160
7 0.2584951957 0.4625275506 0.0163321336 0.0703716702
9 0.4572359562 0.5063971343 0.0193369230 0.0846959432
10 0.3801875114 0.5461750172 0.0192937215 0.0950572826
1 0.1920145591 0.5540889881 0.0246335189 0.1064301102
5 0.2104397933 0.5502112495 0.0185784340 0.0960605197
8 0.2270862738 0.5745930424 0.0319250425 0.1067760326
3 0.2224510908 0.4986116480 0.0201102416 0.0855115537
12 0.2785993099 0.5139665957 0.0196626981 0.0855643944
11 0.2950785478 0.5439196551 0.0188996951 0.0958982114
2 0.2731613636 0.5721568920 0.0198407809 0.0979767976
4 0.3135975838 0.4774421409 0.0172922770 0.0806969537
