9 0.4133514404 0.4917589965 0.0213691711 0.0932305513
10 0.3190771262 0.5341990718 0.0205160459 0.0996146873
11 0.1885227283 0.5336428324 0.0196327368 0.0841399581
12 0.1908845584 0.5004710869 0.0160116831 0.0783679256
8 0.1387879491 0.5682663812 0.0194398642 0.0975404527
2 0.2218334754 0.5492585641 0.0235444228 0.0971523144
4 0.2345646222 0.4744366822 0.0178614934 0.0729349490
5 0.1545238813 0.5333742495 0.0158940951 0.0838959871
1 0.1506572008 0.5272569162 0.0190683206 0.0828290586
3 0.1714817286 0.4948695289 0.0169655005 0.0812400818
0 0.1727976243 0.4782650559 0.0051402251 0.0108702200
7 0.1826412519 0.4582456518 0.0111867587 0.0697513722
6 0.2704684337 0.6603018019 0.0396826267 0.1190916273
