2 0.2263367971 0.5484961333 0.0247854869 0.1013126515
10 0.3198088805 0.5327963370 0.0235711734 0.1071411133
5 0.1563259443 0.5309506452 0.0212711652 0.0869947645
9 0.4044978460 0.4919994637 0.0201622645 0.0967745463
11 0.1833764474 0.5289401584 0.0197854201 0.0771199544
12 0.1858683427 0.4991078977 0.0181976954 0.0841918380
4 0.2339882453 0.4761408064 0.0184650262 0.0754256354
8 0.1318485896 0.5676364475 0.0225675583 0.1058585838
6 0.2645374060 0.6606828478 0.0443682830 0.1215667725
7 0.1812505166 0.4602456128 0.0155064106 0.0730224327
3 0.1729888916 0.4973748808 0.0186835289 0.0835788020
1 0.1565946579 0.5226302818 0.0218084017 0.0794327913
