9 0.4131354166666667 0.49168055555555557 0.021453125 0.09339814814814815
10 0.3176901041666667 0.5342222222222223 0.02090364583333333 0.10024074074074074
11 0.1825 0.5337314814814814 0.020630208333333334 0.08557407407407408
12 0.1849765625 0.49999074074074074 0.016778645833333335 0.07970370370370371
8 0.12969010416666665 0.5691851851851852 0.020630208333333334 0.09975462962962962
2 0.21738541666666666 0.5495416666666667 0.024489583333333335 0.09849074074074074
4 0.2306328125 0.473712962962963 0.018466145833333333 0.07386574074074075
5 0.14652864583333333 0.5334861111111111 0.016861979166666666 0.08564351851851852
1 0.1424140625 0.5272407407407407 0.020273437499999998 0.08457407407407408
3 0.16449479166666667 0.49423148148148144 0.017864583333333333 0.08278703703703703
0 0.16590104166666667 0.47728240740740746 0.005419270833333333 0.011060185185185185
7 0.17623697916666667 0.4569398148148148 0.011643229166666666 0.07101388888888888
6 0.2675677083333333 0.6617685185185186 0.040546874999999996 0.12025925925925926