2 0.222078125 0.5487592592592593 0.02575260416666667 0.10266203703703704
10 0.31843229166666664 0.5328101851851851 0.024015625 0.10780092592592593
5 0.1484375 0.5310092592592592 0.022570312500000002 0.08876388888888888
9 0.40422395833333336 0.4919074074074074 0.020255208333333333 0.09698148148148147
11 0.17708333333333334 0.5289490740740741 0.020833333333333332 0.07847222222222222
12 0.1796875 0.4985925925925926 0.019096354166666666 0.08566203703703704
4 0.2300338541666667 0.47543981481481484 0.019096354166666666 0.07639351851851851
8 0.12225 0.5685694444444443 0.024015625 0.1083287037037037
6 0.2614296875 0.6622083333333333 0.04542708333333333 0.12276851851851853
7 0.17476822916666668 0.45897685185185183 0.016203125 0.0743287037037037
3 0.16608854166666667 0.49679166666666663 0.019677083333333335 0.08514814814814814
1 0.1487265625 0.5225185185185186 0.0231484375 0.08104166666666668