6 0.2747395833333333 0.6642638888888889 0.044270833333333336 0.12071296296296297
7 0.1799765625 0.45897685185185183 0.012731770833333333 0.0681574074074074
5 0.1449661458333333 0.5364074074074074 0.022570312500000002 0.09031018518518519
2 0.21238541666666666 0.549787037037037 0.021989583333333333 0.0985462962962963
9 0.41869270833333333 0.4906018518518519 0.028356770833333333 0.08772685185185186
10 0.323640625 0.5320370370370371 0.024015625 0.10317129629629629
4 0.2335078125 0.4697824074074074 0.019096354166666666 0.0774212962962963
11 0.19328645833333333 0.5327916666666667 0.018518229166666667 0.0835925925925926
12 0.186921875 0.5021805555555555 0.016203125 0.0676574074074074
3 0.16160416666666666 0.4929351851851852 0.022859375 0.08051851851851852
8 0.13498177083333335 0.5718935185185186 0.019966145833333334 0.09798611111111111
1 0.13165625 0.5201990740740742 0.013309895833333333 0.06097685185185186