7 0.3044121742 0.8538637797 0.0640534719 0.2933030305
6 0.4668118477 0.2773601815 0.0556327820 0.1677009583
3 0.5690457662 0.7230267560 0.0692083995 0.3579656530
1 0.6838773092 0.5566858504 0.0552926381 0.2664163943
5 0.6315157572 0.5410127004 0.0543963114 0.2483964426
8 0.6028161367 0.4662453404 0.0774386088 0.2126469647
9 0.0094505622 0.2362938492 0.0246039721 0.2225734004
10 0.2560505470 0.3115576497 0.0651654085 0.2083195015
2 0.4919264317 0.4453455042 0.0450436592 0.2108903673
4 0.1593474587 0.5863910251 0.1008445024 0.3091014721
12 0.4151750882 0.5360105585 0.0660409927 0.3039080867
11 0.4293638388 0.4369031835 0.0494386355 0.2376433761
