3 0.5428229166666667 0.7090462962962962 0.08911979166666667 0.3460787037037037
1 0.6825807291666667 0.5688425925925926 0.052661458333333334 0.28480092592592593
5 0.6313645833333333 0.5438842592592592 0.06828645833333334 0.2626712962962963
8 0.6341145833333334 0.4739074074074074 0.07204947916666667 0.20913425925925927
9 0.011572916666666665 0.2552453703703704 0.0231484375 0.21625462962962963
10 0.24450260416666666 0.30798148148148147 0.05844791666666667 0.2137037037037037
6 0.4704869791666667 0.25781481481481483 0.045138020833333334 0.1534861111111111
7 0.29875520833333336 0.8605972222222222 0.0784140625 0.2788055555555556
2 0.48003385416666666 0.419375 0.036458333333333336 0.22969444444444445
4 0.1753463541666667 0.5907129629629629 0.048611979166666666 0.3254537037037037
12 0.422453125 0.5662685185185186 0.07407291666666667 0.2858287037037037
11 0.4583333333333333 0.44304166666666667 0.06597135416666668 0.24616666666666667