10 0.25275 0.3074675925925926 0.05584375 0.21267592592592593
9 0.016203125 0.26502314814814815 0.02893489583333333 0.21728703703703703
12 0.43547395833333336 0.6051157407407407 0.06886458333333333 0.31722685185185184
3 0.5286458333333334 0.6956712962962963 0.08854166666666667 0.34401851851851856
1 0.6621822916666668 0.5737268518518519 0.05873958333333333 0.2853194444444444
7 0.3114869791666666 0.8605972222222222 0.08651562500000001 0.2788055555555556
6 0.48234895833333336 0.27428240740740745 0.061921875 0.1864212962962963
11 0.4814817708333334 0.4751990740740741 0.056713541666666666 0.25183796296296296
4 0.20934635416666666 0.5989398148148148 0.0940390625 0.3110509259259259
5 0.6252890625 0.5397731481481481 0.052661458333333334 0.27295833333333336
8 0.6739010416666668 0.48214351851851855 0.031828125 0.24412499999999998
2 0.46990625 0.3967314814814815 0.037036458333333334 0.19675925925925927