7 0.3371320089 0.8635746709 0.0797380447 0.2837085865
6 0.4934468587 0.2740929780 0.0523214340 0.1847035161
10 0.2669549068 0.3111069291 0.0511331399 0.2148769237
9 0.0213136245 0.2552426020 0.0425614021 0.2289091463
11 0.5056995392 0.4712410114 0.0432315826 0.2080307855
12 0.4604186853 0.5962711334 0.0578410784 0.3304581536
4 0.2277130763 0.6055189062 0.0817537308 0.3011689928
3 0.5204245885 0.6512331927 0.0615294139 0.3187366627
2 0.4572409471 0.3929130837 0.0575916608 0.2106552689
8 0.6848394394 0.4908855721 0.0536822001 0.2275577404
1 0.6266716639 0.5733615734 0.0720329285 0.2788083112
5 0.6162705739 0.5395386731 0.0479169210 0.2720284073
