4 0.2178828125 0.6118009259259259 0.078125 0.28738888888888886
10 0.2528932291666667 0.3133842592592592 0.04398177083333333 0.21525
2 0.4431432291666667 0.3915925925925926 0.05815885416666667 0.22350925925925924
12 0.4709192708333333 0.6010000000000001 0.07899218749999999 0.3213425925925926
3 0.5140338541666667 0.6560509259259258 0.07146875 0.3203333333333333
1 0.6089401041666667 0.575787037037037 0.09461718749999999 0.27708796296296295
5 0.6157395833333333 0.5595787037037038 0.05786979166666666 0.28479629629629627
8 0.7109375 0.49166203703703704 0.05034635416666667 0.25390277777777776
9 0.0309609375 0.2691388888888889 0.044559895833333335 0.2131759259259259
11 0.5208333333333334 0.5253657407407407 0.052083333333333336 0.2811851851851852
7 0.3489583333333333 0.8667685185185185 0.07986197916666667 0.26646296296296296
6 0.49363541666666666 0.2753101851851852 0.056713541666666666 0.17613425925925924