7 0.2916666666666667 0.8544259259259259 0.0625 0.29115277777777776
6 0.46281770833333336 0.2660462962962963 0.05931770833333334 0.16995370370370372
3 0.5724817708333333 0.7247407407407408 0.07378385416666666 0.36820833333333336
1 0.6956015625 0.5539212962962963 0.05786979166666666 0.2734768518518519
5 0.640046875 0.537712962962963 0.05786979166666666 0.25649074074074074
8 0.6090859375 0.4605324074074074 0.08275520833333333 0.21942129629629628
9 0.009981770833333332 0.2485601851851852 0.018229166666666668 0.20905092592592592
10 0.241609375 0.3069537037037037 0.063078125 0.20547222222222222
2 0.4895833333333333 0.4384074074074074 0.048611979166666666 0.21838425925925925
4 0.1449661458333333 0.5835046296296296 0.09548697916666667 0.304875
12 0.406828125 0.532574074074074 0.0706015625 0.3141157407407407
11 0.4221640625 0.43018055555555557 0.052661458333333334 0.24513425925925927