4 0.2285902182 0.6127537763 0.0799994469 0.2907679240
10 0.2638243198 0.3121133946 0.0448719978 0.2168945736
2 0.4488067945 0.3918516936 0.0557341258 0.2209120009
12 0.4751722018 0.5992607117 0.0756589890 0.3181661535
3 0.5164034208 0.6538034510 0.0684666316 0.3178084762
1 0.6071642876 0.5743151629 0.0909119288 0.2745655201
5 0.6135522842 0.5581879086 0.0557304382 0.2818933840
8 0.7052093188 0.4909136454 0.0491999944 0.2525075842
9 0.0322188439 0.2599389112 0.0522706702 0.2243822168
11 0.5229100227 0.5241078271 0.0496367772 0.2772252683
7 0.3563978831 0.8676244383 0.0802549998 0.2738577949
6 0.4969139258 0.2769479893 0.0542376518 0.1749334689
