3 0.5426875750 0.7070973997 0.0888491948 0.3421802097
1 0.6799433708 0.5686807703 0.0511515935 0.2815087212
5 0.6301858266 0.5440279784 0.0671644847 0.2611538640
8 0.6327743848 0.4746186998 0.0709619522 0.2075638383
9 0.0474988004 0.2779445083 0.0232673764 0.1991375111
10 0.2521310329 0.3155945036 0.0569978396 0.2069595478
6 0.4706987699 0.2616324955 0.0448744456 0.1489028083
7 0.3038547277 0.8522345084 0.0776823521 0.2695141828
2 0.4800437768 0.4203395420 0.0364383380 0.2277897022
4 0.1872010787 0.5895159827 0.0450520356 0.3147314849
12 0.4227883339 0.5662063457 0.0736578623 0.2849779200
11 0.4584290028 0.4438399845 0.0658688545 0.2445722509
