7 0.32928125 0.8621388888888889 0.07870312500000001 0.2757222222222222
6 0.4900182291666667 0.27248148148148144 0.0546875 0.1859074074074074
10 0.25607552083333335 0.3123564814814815 0.05034635416666667 0.21318981481481483
9 0.02112239583333333 0.26502314814814815 0.03530208333333333 0.21728703703703703
11 0.50275 0.47185185185185186 0.04542708333333333 0.21118981481481483
12 0.4554401041666667 0.5979166666666667 0.060184895833333335 0.3336898148148148
4 0.21701302083333335 0.6046018518518519 0.07986197916666667 0.29767592592592595
3 0.5182291666666666 0.6534814814814814 0.06423697916666667 0.3213611111111111
2 0.45196875 0.39262037037037034 0.060184895833333335 0.21322222222222223
8 0.6899583333333333 0.49166203703703704 0.055265625 0.22920833333333332
1 0.6293411458333333 0.5747592592592593 0.07465364583333334 0.2812037037037037
5 0.6186354166666667 0.540800925925926 0.04976822916666667 0.2750138888888889