10 0.2635934512 0.3060941414 0.0567033132 0.2146455977
9 0.0158850289 0.2550820457 0.0356490659 0.2288689084
12 0.4412923813 0.6034931324 0.0663525899 0.3145307753
3 0.5304346402 0.6934999254 0.0850398382 0.3425196895
1 0.6582297643 0.5724961175 0.0571500142 0.2833373458
7 0.3195544879 0.8626847444 0.0880196889 0.2876716896
6 0.4861129920 0.2758403142 0.0592777570 0.1852678511
11 0.4854365031 0.4745423635 0.0540335973 0.2482847708
4 0.2198470751 0.6000732281 0.0963369370 0.3153036895
5 0.6226509730 0.5385416949 0.0507401784 0.2700965599
8 0.6692583402 0.4814137918 0.0308697383 0.2418898688
2 0.4743954976 0.3970814175 0.0353894552 0.1941544709
